# transform file /Applications/freesurfer/6.0/subjects/demencia/mri/transforms/cc_up.lta
# created by scutiller on Sat Aug 20 01:30:51 2022

type      = 0 # LINEAR_VOX_TO_VOX
nxforms   = 1
mean      = 128.0000 134.0000 121.0000
sigma     = 10000.0000
1 4 4
9.951063990592957e-01 -8.135269582271576e-02 -5.608037859201431e-02 1.706595993041992e+01 
8.122381567955017e-02 9.966853857040405e-01 -4.577462561428547e-03 -5.321723818778992e-01 
5.626688152551651e-02 0.000000000000000e+00 9.984157681465149e-01 2.296794891357422e+01 
0.000000000000000e+00 0.000000000000000e+00 0.000000000000000e+00 1.000000000000000e+00 
src volume info
valid = 1  # volume info valid
filename = /Applications/freesurfer/6.0/subjects/demencia/mri/norm.mgz
volume = 256 256 256
voxelsize = 1.000000000000000e+00 1.000000000000000e+00 1.000000000000000e+00
xras   = -1.000000000000000e+00 9.313225746154785e-10 -3.725290298461914e-09
yras   = -3.725290298461914e-09 1.490116119384766e-08 -1.000000000000000e+00
zras   = 3.725290298461914e-09 1.000000000000000e+00 -1.490116119384766e-08
cras   = 2.884963989257812e+00 -9.895820617675781e+00 -1.998048400878906e+01
dst volume info
valid = 1  # volume info valid
filename = /Applications/freesurfer/6.0/subjects/demencia/mri/norm.mgz
volume = 256 256 256
voxelsize = 1.000000000000000e+00 1.000000000000000e+00 1.000000000000000e+00
xras   = -1.000000000000000e+00 9.313225746154785e-10 -3.725290298461914e-09
yras   = -3.725290298461914e-09 1.490116119384766e-08 -1.000000000000000e+00
zras   = 3.725290298461914e-09 1.000000000000000e+00 -1.490116119384766e-08
cras   = 2.884963989257812e+00 -9.895820617675781e+00 -1.998048400878906e+01
