type      = 1 # LINEAR_RAS_TO_RAS
nxforms   = 1
mean      = 0.0000 0.0000 0.0000
sigma     = 1.0000
1 4 4
1.108518958091736e+00 6.543900072574615e-02 -7.439199835062027e-02 -1.785248041152954e+00 
-1.201799977570772e-02 9.708359837532043e-01 5.224509835243225e-01 1.422827911376953e+01 
1.065620034933090e-01 -5.022959709167480e-01 1.051383018493652e+00 1.839733886718750e+01 
0.000000000000000e+00 0.000000000000000e+00 0.000000000000000e+00 1.000000000000000e+00 
src volume info
valid = 1  # volume info valid
filename = /Applications/freesurfer/6.0/subjects/demencia/mri/orig_nu.mgz
volume = 256 256 256
voxelsize = 1.000000000000000e+00 1.000000000000000e+00 1.000000000000000e+00
xras   = -1.000000000000000e+00 9.313225746154785e-10 -3.725290298461914e-09
yras   = -3.725290298461914e-09 1.490116119384766e-08 -1.000000000000000e+00
zras   = 3.725290298461914e-09 1.000000000000000e+00 -1.490116119384766e-08
cras   = 2.884963989257812e+00 -9.895820617675781e+00 -1.998048400878906e+01
dst volume info
valid = 1  # volume info valid
filename = /Applications/freesurfer/6.0/average/mni305.cor.mgz
volume = 256 256 256
voxelsize = 1.000000000000000e+00 1.000000000000000e+00 1.000000000000000e+00
xras   = -1.000000000000000e+00 0.000000000000000e+00 0.000000000000000e+00
yras   = 0.000000000000000e+00 0.000000000000000e+00 -1.000000000000000e+00
zras   = 0.000000000000000e+00 1.000000000000000e+00 0.000000000000000e+00
cras   = 0.000000000000000e+00 0.000000000000000e+00 0.000000000000000e+00
subject fsaverage
fscale 0.100000
