# transform file transforms/talairach_with_skull.lta
# created by scutiller on Fri Aug 19 23:24:41 2022

type      = 0 # LINEAR_VOX_TO_VOX
nxforms   = 1
mean      = 132.0000 142.0000 138.0000
sigma     = 10000.0000
1 4 4
1.084705114364624e+00 -6.399475038051605e-02 -4.976006969809532e-02 -5.758721828460693e-01 
9.906450659036636e-02 1.134810209274292e+00 5.252358913421631e-01 -1.023543853759766e+02 
3.050341084599495e-02 -4.470806717872620e-01 9.854257106781006e-01 4.978778076171875e+01 
0.000000000000000e+00 0.000000000000000e+00 0.000000000000000e+00 1.000000000000000e+00 
src volume info
valid = 1  # volume info valid
filename = nu.mgz
volume = 256 256 256
voxelsize = 1.000000000000000e+00 1.000000000000000e+00 1.000000000000000e+00
xras   = -1.000000000000000e+00 9.313225746154785e-10 -3.725290298461914e-09
yras   = -3.725290298461914e-09 1.490116119384766e-08 -1.000000000000000e+00
zras   = 3.725290298461914e-09 1.000000000000000e+00 -1.490116119384766e-08
cras   = 2.884963989257812e+00 -9.895820617675781e+00 -1.998048400878906e+01
dst volume info
valid = 1  # volume info valid
filename = /Applications/freesurfer/6.0/average/RB_all_withskull_2016-05-10.vc700.gca
volume = 256 256 256
voxelsize = 1.000000000000000e+00 1.000000000000000e+00 1.000000000000000e+00
xras   = -1.000000000000000e+00 0.000000000000000e+00 0.000000000000000e+00
yras   = 0.000000000000000e+00 0.000000000000000e+00 -1.000000000000000e+00
zras   = 0.000000000000000e+00 1.000000000000000e+00 0.000000000000000e+00
cras   = 0.000000000000000e+00 0.000000000000000e+00 0.000000000000000e+00
