# transform file transforms/talairach.lta
# created by scutiller on Fri Aug 19 23:47:48 2022

type      = 0 # LINEAR_VOX_TO_VOX
nxforms   = 1
mean      = 129.0000 137.0000 120.0000
sigma     = 10000.0000
1 4 4
1.096730351448059e+00 -8.145835995674133e-02 -7.699561119079590e-02 3.804157733917236e+00 
1.372410655021667e-01 1.074445486068726e+00 5.014906525611877e-01 -9.555100250244141e+01 
5.701727792620659e-02 -4.710125029087067e-01 9.781274199485779e-01 5.019721603393555e+01 
0.000000000000000e+00 0.000000000000000e+00 0.000000000000000e+00 1.000000000000000e+00 
src volume info
valid = 1  # volume info valid
filename = nu.mgz
volume = 256 256 256
voxelsize = 1.000000000000000e+00 1.000000000000000e+00 1.000000000000000e+00
xras   = -1.000000000000000e+00 9.313225746154785e-10 -3.725290298461914e-09
yras   = -3.725290298461914e-09 1.490116119384766e-08 -1.000000000000000e+00
zras   = 3.725290298461914e-09 1.000000000000000e+00 -1.490116119384766e-08
cras   = 2.884963989257812e+00 -9.895820617675781e+00 -1.998048400878906e+01
dst volume info
valid = 1  # volume info valid
filename = /Applications/freesurfer/6.0/average/RB_all_2016-05-10.vc700.gca
volume = 256 256 256
voxelsize = 1.000000000000000e+00 1.000000000000000e+00 1.000000000000000e+00
xras   = -1.000000000000000e+00 0.000000000000000e+00 0.000000000000000e+00
yras   = 0.000000000000000e+00 0.000000000000000e+00 -1.000000000000000e+00
zras   = 0.000000000000000e+00 1.000000000000000e+00 0.000000000000000e+00
cras   = 0.000000000000000e+00 0.000000000000000e+00 0.000000000000000e+00
